if888 300 0.2 22 2 0.09292 0.00322
ic888 200 0.2 32 2 0.09292 0.00322
ih888 300 0.2 22 2 0.09292 0.00322
a9888 10 1 11 1 2.8 2.8
c9888 10 1 11 1 0 1.68
cs888 10 1 11 1 2.1 2.1
i9888 100 0.5 15 2 0.0168 0.0084
j9888 100 0.5 14 2 0.025 0.0084
jd888 10 1 12 2 0.021 0.021
jm888 60 0.5 14 2 0.025 0.0084
l9888 5 5 11 1 2.8 2.8
m9888 10 1 11 1 2.1 2.1
p9888 10 2 11 1 3.5 3.5
pp888 5 1 11 2 0.0084 0.0084
v9888 5 5 11 1 0 2.8
y9888 10 2 11 1 3.5 3.5
ag888 15 1 13 2 0.007 0.007
al888 5 5 12 1 0 4.2
au888 1000 0.05 11 1 0 14
bu888 10 2 14 2 0.014 0.014
cu888 5 10 14 2 0 0.007
hc888 10 1 13 2 0.014 0.014
ni888 1 10 13 1 8.4 8.4
pb888 5 5 12 2 0 0.0056
rb888 10 1 14 2 0.014 0.014
ru888 10 5 17 2 0.0063 0.0063
sn888 1 10 12 1 0 4.2
zn888 5 5 12 1 0 4.2
cf888 5 5 12 1 8.4 8.4
fg888 20 1 13 1 33.6 4.2
ma888 10 1 11 1 8.4 2.8
oi888 10 2 11 1 3.5 3.5
rm888 10 1 11 1 4.2 2.8
rs888 10 1 23 1 2.8 2.8
sr888 10 1 11 1 0 4.2
ta888 5 2 12 1 0 4.2
zc888 100 0.2 12 1 11.2 8.4
