19 2015/09/27
cs min30 3 7 22 2 5 6 14 5 17.482 17.8372 0 4 19.3958 19.49 1 19.1607 19.2843 2.6204 5
j min30 3 5 9 1 4 9 17 3 9.32035 15.9689 0 4 19.0477 19.1264 1 19.1362 19.5105 2.30146 5
pp min30 3 6 28 3 4 5 11 15 8.06781 5.24162 0 4 19.3088 19.7222 1 19.3278 19.9489 2.5071 5
ag min30 6 9 17 2 5 8 19 14 1.64653 12.165 0 4 19.3394 19.5023 1 19.0321 19.3215 2.91296 5
bu min30 3 6 21 2 5 10 18 13 3.28739 12.3161 0 4 19.0497 19.185 1 19.4641 19.6325 2.14636 5
cu min30 4 10 15 1 2 4 11 12 8.10316 3.84645 0 4 19.1368 19.02 1 19.7222 19.5697 2.49433 5
hc min30 3 4 7 1 2 5 11 2 15.8871 13.5567 0 4 19.6043 19.9456 1 19.2893 19.1892 2.79194 5
ni min30 5 11 26 1 3 11 17 11 3.89694 13.7515 0 4 19.3174 19.5582 1 19.3587 19.5973 2.33592 5
rb min30 3 4 7 1 2 7 13 9 7.07517 16.3113 0 4 19.4789 19.87 1 19.0312 19.7609 2.74616 5
ru min30 3 6 13 3 6 8 17 17 16.6026 9.47163 0 4 19.6288 19.922 1 19.1179 19.9139 2.96066 5
sn min30 5 8 24 3 6 7 18 1 9.54122 3.95318 0 4 19.8724 19.2139 1 19.8891 19.782 2.01593 5
ma min30 3 9 18 2 4 6 11 9 10.9297 9.71074 0 4 19.9287 19.7351 1 19.3767 19.8285 2.96234 5
oi min30 3 4 8 1 4 8 17 15 1.78038 12.2253 0 4 19.0187 19.1352 1 19.1075 19.7048 2.63259 5
rs min30 3 4 5 1 2 7 15 1 2.12205 2.10931 0 4 19.6176 19.6979 1 19.3085 19.5257 2.59493 5
sr min30 3 8 24 1 3 7 15 15 5.76119 6.44307 0 4 19.8843 19.1846 1 19.5291 19.6048 2.79536 5
ta min30 3 6 25 1 2 7 16 8 6.40822 18.2596 0 4 19.3423 19.121 1 19.5758 19.8154 2.74626 5